#Solar spectrum based on Gueymard 2004
#spectrum normalised to 1366.15 W m-2
#wavelength (mu) flux (W m-2 mu-1)
5.00000e-04	2.27800e-03
1.50000e-03	1.21900e-01
2.50000e-03	1.51300e-02
3.50000e-03	2.51900e-02
4.50000e-03	3.70800e-02
5.50000e-03	4.61000e-02
6.50000e-03	4.36700e-02
7.50000e-03	3.11500e-02
8.50000e-03	2.82800e-02
9.50000e-03	1.65200e-02
1.05000e-02	6.77100e-03
1.15000e-02	3.36200e-03
1.25000e-02	1.75600e-03
1.35000e-02	1.95800e-03
1.45000e-02	2.14000e-02
1.55000e-02	1.63600e-02
1.65000e-02	3.39800e-02
1.75000e-02	5.00800e-01
1.85000e-02	2.87500e-01
1.95000e-02	2.03800e-01
2.05000e-02	1.95800e-01
2.15000e-02	9.41000e-02
2.25000e-02	1.02500e-01
2.35000e-02	2.28700e-02
2.45000e-02	4.76200e-02
2.55000e-02	1.17300e-01
2.65000e-02	4.02500e-02
2.75000e-02	8.47500e-02
2.85000e-02	8.55600e-02
2.95000e-02	4.37500e-02
3.05000e-02	6.25200e-01
3.15000e-02	1.19000e-01
3.25000e-02	1.59300e-01
3.35000e-02	1.56600e-01
3.45000e-02	6.93700e-02
3.55000e-02	5.93300e-02
3.65000e-02	8.03900e-02
3.75000e-02	1.38300e-02
3.85000e-02	5.93100e-03
3.95000e-02	5.83200e-03
4.05000e-02	9.78100e-03
4.15000e-02	1.81000e-02
4.25000e-02	4.79800e-03
4.35000e-02	1.10100e-02
4.45000e-02	4.38900e-03
4.55000e-02	4.82400e-03
4.65000e-02	1.73800e-02
4.75000e-02	6.92500e-03
4.85000e-02	1.15500e-02
4.95000e-02	3.96500e-02
5.05000e-02	1.68000e-02
5.15000e-02	5.74300e-03
5.25000e-02	9.80800e-03
5.35000e-02	7.45800e-03
5.45000e-02	4.84300e-03
5.55000e-02	2.16500e-02
5.65000e-02	6.57800e-03
5.75000e-02	6.52800e-03
5.85000e-02	3.68900e-02
5.95000e-02	7.77600e-03
6.05000e-02	3.11200e-02
6.15000e-02	9.73700e-03
6.25000e-02	4.20900e-02
6.35000e-02	1.06000e-02
6.45000e-02	2.44200e-03
6.55000e-02	1.91600e-03
6.65000e-02	1.70900e-03
6.75000e-02	1.75000e-03
6.85000e-02	6.02700e-03
6.95000e-02	4.45200e-03
7.05000e-02	1.17200e-02
7.15000e-02	5.12000e-03
7.25000e-02	3.83300e-03
7.35000e-02	4.99500e-03
7.45000e-02	6.15500e-03
7.55000e-02	9.41200e-03
7.65000e-02	2.37900e-02
7.75000e-02	2.15600e-02
7.85000e-02	3.04300e-02
7.95000e-02	1.42900e-02
8.05000e-02	1.46800e-02
8.15000e-02	1.66800e-02
8.25000e-02	2.46500e-02
8.35000e-02	4.20900e-02
8.45000e-02	3.06100e-02
8.55000e-02	3.40900e-02
8.65000e-02	3.61300e-02
8.75000e-02	4.30100e-02
8.85000e-02	4.91500e-02
8.95000e-02	5.97800e-02
9.05000e-02	7.04400e-02
9.15000e-02	5.38900e-02
9.25000e-02	1.92200e-02
9.35000e-02	1.68500e-02
9.45000e-02	1.20100e-02
9.55000e-02	6.96400e-03
9.65000e-02	7.24100e-03
9.75000e-02	1.29600e-01
9.85000e-02	1.47400e-02
9.95000e-02	2.27400e-02
1.00500e-01	9.21500e-03
1.01500e-01	1.06500e-02
1.02500e-01	9.71900e-02
1.03500e-01	1.00400e-01
1.04500e-01	1.47000e-02
1.05500e-01	1.24400e-02
1.06500e-01	1.18400e-02
1.07500e-01	1.25700e-02
1.08500e-01	2.10900e-02
1.09500e-01	1.41900e-02
1.10500e-01	1.51300e-02
1.11500e-01	1.38800e-02
1.12500e-01	1.51200e-02
1.13500e-01	1.18100e-02
1.14500e-01	7.99000e-03
1.15500e-01	1.31300e-02
1.16500e-01	1.48400e-02
1.17500e-01	6.31100e-02
1.18500e-01	1.67100e-02
1.19500e-01	5.55600e-02
1.20500e-01	1.68700e-01
1.21500e-01	8.11900e+00
1.22500e-01	5.96200e-02
1.23500e-01	4.23000e-02
1.24500e-01	3.21700e-02
1.25500e-01	3.05000e-02
1.26500e-01	4.49900e-02
1.27500e-01	2.36100e-02
1.28500e-01	1.93200e-02
1.29500e-01	2.27300e-02
1.30500e-01	1.81700e-01
1.31500e-01	2.96400e-02
1.32500e-01	2.27000e-02
1.33500e-01	2.16300e-01
1.34500e-01	2.02300e-02
1.35500e-01	4.61600e-02
1.36500e-01	2.99700e-02
1.37500e-01	3.18800e-02
1.38500e-01	3.15800e-02
1.39500e-01	9.26700e-02
1.40500e-01	7.69400e-02
1.41500e-01	4.53200e-02
1.42500e-01	4.89700e-02
1.43500e-01	5.70800e-02
1.44500e-01	5.55400e-02
1.45500e-01	5.97200e-02
1.46500e-01	7.42400e-02
1.47500e-01	9.21700e-02
1.48500e-01	9.39600e-02
1.49500e-01	8.47300e-02
1.50500e-01	9.44400e-02
1.51500e-01	1.02100e-01
1.52500e-01	1.28600e-01
1.53500e-01	1.42900e-01
1.54500e-01	2.54300e-01
1.55500e-01	2.10100e-01
1.56500e-01	2.11300e-01
1.57500e-01	1.91000e-01
1.58500e-01	1.83700e-01
1.59500e-01	1.83600e-01
1.60500e-01	2.06400e-01
1.61500e-01	2.41900e-01
1.62500e-01	2.77800e-01
1.63500e-01	3.04700e-01
1.64500e-01	3.39100e-01
1.65500e-01	5.29500e-01
1.66500e-01	3.69500e-01
1.67500e-01	4.36200e-01
1.68500e-01	4.85200e-01
1.69500e-01	6.35700e-01
1.70500e-01	7.35200e-01
1.71500e-01	7.37700e-01
1.72500e-01	7.96300e-01
1.73500e-01	7.99300e-01
1.74500e-01	9.81600e-01
1.75500e-01	1.20900e+00
1.76500e-01	1.31000e+00
1.77500e-01	1.58000e+00
1.78500e-01	1.76200e+00
1.79500e-01	1.72300e+00
1.80500e-01	2.06100e+00
1.81500e-01	2.48100e+00
1.82500e-01	2.31200e+00
1.83500e-01	2.47100e+00
1.84500e-01	2.11400e+00
1.85500e-01	2.41700e+00
1.86500e-01	2.76900e+00
1.87500e-01	3.21100e+00
1.88500e-01	3.40200e+00
1.89500e-01	3.83400e+00
1.90500e-01	3.96900e+00
1.91500e-01	4.36000e+00
1.92500e-01	4.66400e+00
1.93500e-01	3.53200e+00
1.94500e-01	5.90100e+00
1.95500e-01	5.75400e+00
1.96500e-01	6.51200e+00
1.97500e-01	6.60300e+00
1.98500e-01	6.65800e+00
1.99500e-01	7.23100e+00
2.00500e-01	7.93300e+00
2.01500e-01	8.82600e+00
2.02500e-01	8.76600e+00
2.03500e-01	1.01000e+01
2.04500e-01	1.11900e+01
2.05500e-01	1.15900e+01
2.06500e-01	1.19000e+01
2.07500e-01	1.38800e+01
2.08500e-01	1.56500e+01
2.09500e-01	2.25000e+01
2.10500e-01	3.01600e+01
2.11500e-01	3.68200e+01
2.12500e-01	3.34400e+01
2.13500e-01	3.19000e+01
2.14500e-01	4.48600e+01
2.15500e-01	3.66300e+01
2.16500e-01	3.43700e+01
2.17500e-01	3.39400e+01
2.18500e-01	4.91500e+01
2.19500e-01	5.06100e+01
2.20500e-01	5.19100e+01
2.21500e-01	3.60200e+01
2.22500e-01	5.26200e+01
2.23500e-01	6.92300e+01
2.24500e-01	6.17800e+01
2.25500e-01	5.44100e+01
2.26500e-01	3.99300e+01
2.27500e-01	3.83700e+01
2.28500e-01	5.68300e+01
2.29500e-01	4.89600e+01
2.30500e-01	5.90900e+01
2.31500e-01	4.90900e+01
2.32500e-01	5.51300e+01
2.33500e-01	4.56600e+01
2.34500e-01	3.65200e+01
2.35500e-01	5.94100e+01
2.36500e-01	4.66700e+01
2.37500e-01	5.65400e+01
2.38500e-01	3.82700e+01
2.39500e-01	4.64200e+01
2.40500e-01	4.21900e+01
2.41500e-01	5.07200e+01
2.42500e-01	7.71000e+01
2.43500e-01	6.82600e+01
2.44500e-01	6.61400e+01
2.45500e-01	5.09500e+01
2.46500e-01	5.13400e+01
2.47500e-01	5.98000e+01
2.48500e-01	4.58700e+01
2.49500e-01	5.89400e+01
2.50500e-01	6.22800e+01
2.51500e-01	4.68900e+01
2.52500e-01	4.11400e+01
2.53500e-01	5.37600e+01
2.54500e-01	5.85300e+01
2.55500e-01	8.45500e+01
2.56500e-01	1.02000e+02
2.57500e-01	1.27400e+02
2.58500e-01	1.35500e+02
2.59500e-01	1.11600e+02
2.60500e-01	9.01600e+01
2.61500e-01	8.88400e+01
2.62500e-01	1.11900e+02
2.63500e-01	1.63100e+02
2.64500e-01	2.74300e+02
2.65500e-01	2.76100e+02
2.66500e-01	2.61700e+02
2.67500e-01	2.70100e+02
2.68500e-01	2.62300e+02
2.69500e-01	2.42100e+02
2.70500e-01	2.97500e+02
2.71500e-01	2.45100e+02
2.72500e-01	1.95600e+02
2.73500e-01	2.24900e+02
2.74500e-01	1.26500e+02
2.75500e-01	1.85000e+02
2.76500e-01	2.68000e+02
2.77500e-01	2.62500e+02
2.78500e-01	1.70900e+02
2.79500e-01	7.82100e+01
2.80000e-01	7.84600e+01
2.80500e-01	1.02300e+02
2.81000e-01	1.71600e+02
2.81500e-01	2.41000e+02
2.82000e-01	2.91600e+02
2.82500e-01	3.14200e+02
2.83000e-01	3.42900e+02
2.83500e-01	3.22300e+02
2.84000e-01	3.21100e+02
2.84500e-01	2.51400e+02
2.85000e-01	1.18500e+02
2.85500e-01	1.37700e+02
2.86000e-01	3.00600e+02
2.86500e-01	3.58100e+02
2.87000e-01	3.77800e+02
2.87500e-01	3.78200e+02
2.88000e-01	2.50400e+02
2.88500e-01	3.58800e+02
2.89000e-01	4.20100e+02
2.89500e-01	4.91100e+02
2.90000e-01	6.17700e+02
2.90500e-01	6.45900e+02
2.91000e-01	6.09700e+02
2.91500e-01	6.02000e+02
2.92000e-01	5.72800e+02
2.92500e-01	4.96500e+02
2.93000e-01	5.67200e+02
2.93500e-01	5.76000e+02
2.94000e-01	5.03900e+02
2.94500e-01	5.43400e+02
2.95000e-01	5.16000e+02
2.95500e-01	5.82100e+02
2.96000e-01	6.21000e+02
2.96500e-01	4.92600e+02
2.97000e-01	4.24100e+02
2.97500e-01	5.97600e+02
2.98000e-01	5.57700e+02
2.98500e-01	3.78800e+02
2.99000e-01	5.76700e+02
2.99500e-01	5.21400e+02
3.00000e-01	4.16600e+02
3.00500e-01	4.39100e+02
3.01000e-01	4.93900e+02
3.01500e-01	5.29500e+02
3.02000e-01	3.74300e+02
3.02500e-01	5.43700e+02
3.03000e-01	6.76700e+02
3.03500e-01	6.88600e+02
3.04000e-01	5.77100e+02
3.04500e-01	6.48100e+02
3.05000e-01	6.72900e+02
3.05500e-01	6.12400e+02
3.06000e-01	5.42200e+02
3.06500e-01	5.85700e+02
3.07000e-01	6.44200e+02
3.07500e-01	6.51500e+02
3.08000e-01	6.56300e+02
3.08500e-01	6.80200e+02
3.09000e-01	5.61900e+02
3.09500e-01	5.13300e+02
3.10000e-01	4.64800e+02
3.10500e-01	7.14400e+02
3.11000e-01	8.23600e+02
3.11500e-01	7.64300e+02
3.12000e-01	6.41700e+02
3.12500e-01	6.96500e+02
3.13000e-01	7.11000e+02
3.13500e-01	7.25200e+02
3.14000e-01	7.93100e+02
3.14500e-01	5.92700e+02
3.15000e-01	7.53600e+02
3.15500e-01	6.80000e+02
3.16000e-01	5.18000e+02
3.16500e-01	6.62800e+02
3.17000e-01	8.22400e+02
3.17500e-01	8.79800e+02
3.18000e-01	6.34200e+02
3.18500e-01	6.82000e+02
3.19000e-01	7.53000e+02
3.19500e-01	6.82900e+02
3.20000e-01	8.36300e+02
3.20500e-01	9.07600e+02
3.21000e-01	7.15100e+02
3.21500e-01	6.74900e+02
3.22000e-01	8.14600e+02
3.22500e-01	7.01300e+02
3.23000e-01	6.39900e+02
3.23500e-01	6.82900e+02
3.24000e-01	7.81200e+02
3.24500e-01	8.26400e+02
3.25000e-01	7.84000e+02
3.25500e-01	9.41100e+02
3.26000e-01	1.05200e+03
3.26500e-01	9.96800e+02
3.27000e-01	1.00900e+03
3.27500e-01	9.95900e+02
3.28000e-01	9.52900e+02
3.28500e-01	9.13200e+02
3.29000e-01	1.02400e+03
3.29500e-01	1.13900e+03
3.30000e-01	1.16200e+03
3.30500e-01	9.72500e+02
3.31000e-01	1.00500e+03
3.31500e-01	9.81500e+02
3.32000e-01	1.00600e+03
3.32500e-01	9.72100e+02
3.33000e-01	9.79000e+02
3.33500e-01	9.16400e+02
3.34000e-01	9.41700e+02
3.34500e-01	1.04000e+03
3.35000e-01	9.53700e+02
3.35500e-01	1.07200e+03
3.36000e-01	7.39600e+02
3.36500e-01	9.04900e+02
3.37000e-01	7.52600e+02
3.37500e-01	9.39200e+02
3.38000e-01	8.86400e+02
3.38500e-01	9.90400e+02
3.39000e-01	9.80800e+02
3.39500e-01	9.38000e+02
3.40000e-01	1.13300e+03
3.40500e-01	1.01600e+03
3.41000e-01	9.64000e+02
3.41500e-01	8.88000e+02
3.42000e-01	1.06000e+03
3.42500e-01	9.90300e+02
3.43000e-01	1.08400e+03
3.43500e-01	1.01700e+03
3.44000e-01	7.66400e+02
3.44500e-01	7.51500e+02
3.45000e-01	9.98100e+02
3.45500e-01	1.01800e+03
3.46000e-01	8.64000e+02
3.46500e-01	9.76600e+02
3.47000e-01	1.04400e+03
3.47500e-01	8.41400e+02
3.48000e-01	9.59700e+02
3.48500e-01	9.59100e+02
3.49000e-01	8.87600e+02
3.49500e-01	8.76000e+02
3.50000e-01	1.08100e+03
3.50500e-01	1.13800e+03
3.51000e-01	1.01400e+03
3.51500e-01	9.80800e+02
3.52000e-01	1.05300e+03
3.52500e-01	8.21000e+02
3.53000e-01	1.03200e+03
3.53500e-01	1.10200e+03
3.54000e-01	1.14300e+03
3.54500e-01	1.15800e+03
3.55000e-01	1.15200e+03
3.55500e-01	1.03800e+03
3.56000e-01	1.08400e+03
3.56500e-01	9.24600e+02
3.57000e-01	7.63500e+02
3.57500e-01	9.33800e+02
3.58000e-01	7.39100e+02
3.58500e-01	6.30900e+02
3.59000e-01	8.81500e+02
3.59500e-01	1.12200e+03
3.60000e-01	1.18800e+03
3.60500e-01	9.48400e+02
3.61000e-01	8.62700e+02
3.61500e-01	9.89700e+02
3.62000e-01	8.52600e+02
3.62500e-01	1.17600e+03
3.63000e-01	1.05300e+03
3.63500e-01	9.67200e+02
3.64000e-01	1.18000e+03
3.64500e-01	1.00700e+03
3.65000e-01	1.02400e+03
3.65500e-01	1.28300e+03
3.66000e-01	1.35600e+03
3.66500e-01	1.27100e+03
3.67000e-01	1.23600e+03
3.67500e-01	1.28100e+03
3.68000e-01	1.11900e+03
3.68500e-01	1.12700e+03
3.69000e-01	1.21500e+03
3.69500e-01	1.29300e+03
3.70000e-01	1.37600e+03
3.70500e-01	1.06600e+03
3.71000e-01	1.13700e+03
3.71500e-01	1.42100e+03
3.72000e-01	9.42200e+02
3.72500e-01	1.12800e+03
3.73000e-01	1.14500e+03
3.73500e-01	7.43600e+02
3.74000e-01	1.07900e+03
3.74500e-01	8.91900e+02
3.75000e-01	8.66000e+02
3.75500e-01	1.29200e+03
3.76000e-01	1.07000e+03
3.76500e-01	1.10800e+03
3.77000e-01	1.17100e+03
3.77500e-01	1.36800e+03
3.78000e-01	1.48200e+03
3.78500e-01	1.40000e+03
3.79000e-01	1.15500e+03
3.79500e-01	1.05500e+03
3.80000e-01	1.09600e+03
3.80500e-01	1.32500e+03
3.81000e-01	1.32500e+03
3.81500e-01	1.04800e+03
3.82000e-01	9.28800e+02
3.82500e-01	7.89900e+02
3.83000e-01	7.30000e+02
3.83500e-01	7.02000e+02
3.84000e-01	7.73400e+02
3.84500e-01	1.13600e+03
3.85000e-01	1.12500e+03
3.85500e-01	1.04600e+03
3.86000e-01	8.94600e+02
3.86500e-01	1.17300e+03
3.87000e-01	9.74000e+02
3.87500e-01	1.09300e+03
3.88000e-01	1.00800e+03
3.88500e-01	9.94900e+02
3.89000e-01	1.07300e+03
3.89500e-01	1.29800e+03
3.90000e-01	1.30100e+03
3.90500e-01	1.19600e+03
3.91000e-01	1.40600e+03
3.91500e-01	1.43300e+03
3.92000e-01	1.20600e+03
3.92500e-01	1.07800e+03
3.93000e-01	5.98900e+02
3.93500e-01	4.34700e+02
3.94000e-01	8.83700e+02
3.94500e-01	1.12200e+03
3.95000e-01	1.36800e+03
3.95500e-01	1.38900e+03
3.96000e-01	1.20300e+03
3.96500e-01	7.01900e+02
3.97000e-01	5.26100e+02
3.97500e-01	1.06900e+03
3.98000e-01	1.49700e+03
3.98500e-01	1.54600e+03
3.99000e-01	1.67000e+03
3.99500e-01	1.66300e+03
4.00000e-01	1.72700e+03
4.01000e-01	1.76900e+03
4.02000e-01	1.86100e+03
4.03000e-01	1.76300e+03
4.04000e-01	1.73300e+03
4.05000e-01	1.73000e+03
4.06000e-01	1.69700e+03
4.07000e-01	1.66500e+03
4.08000e-01	1.72900e+03
4.09000e-01	1.84700e+03
4.10000e-01	1.61000e+03
4.11000e-01	1.74000e+03
4.12000e-01	1.86300e+03
4.13000e-01	1.81600e+03
4.14000e-01	1.83400e+03
4.15000e-01	1.83400e+03
4.16000e-01	1.86100e+03
4.17000e-01	1.81300e+03
4.18000e-01	1.77700e+03
4.19000e-01	1.79700e+03
4.20000e-01	1.78700e+03
4.21000e-01	1.86600e+03
4.22000e-01	1.77100e+03
4.23000e-01	1.72700e+03
4.24000e-01	1.82500e+03
4.25000e-01	1.81800e+03
4.26000e-01	1.76500e+03
4.27000e-01	1.73000e+03
4.28000e-01	1.68400e+03
4.29000e-01	1.59000e+03
4.30000e-01	1.38900e+03
4.31000e-01	1.37700e+03
4.32000e-01	1.77300e+03
4.33000e-01	1.78000e+03
4.34000e-01	1.65200e+03
4.35000e-01	1.72500e+03
4.36000e-01	1.93800e+03
4.37000e-01	1.90600e+03
4.38000e-01	1.73200e+03
4.39000e-01	1.79500e+03
4.40000e-01	1.84800e+03
4.41000e-01	1.91000e+03
4.42000e-01	2.04600e+03
4.43000e-01	1.99500e+03
4.44000e-01	2.03400e+03
4.45000e-01	1.99100e+03
4.46000e-01	1.89400e+03
4.47000e-01	2.04200e+03
4.48000e-01	2.07700e+03
4.49000e-01	2.07700e+03
4.50000e-01	2.13100e+03
4.51000e-01	2.20800e+03
4.52000e-01	2.12500e+03
4.53000e-01	1.99600e+03
4.54000e-01	2.07900e+03
4.55000e-01	2.09100e+03
4.56000e-01	2.13800e+03
4.57000e-01	2.17200e+03
4.58000e-01	2.10000e+03
4.59000e-01	2.08600e+03
4.60000e-01	2.09200e+03
4.61000e-01	2.13800e+03
4.62000e-01	2.15000e+03
4.63000e-01	2.13600e+03
4.64000e-01	2.09500e+03
4.65000e-01	2.06300e+03
4.66000e-01	2.07900e+03
4.67000e-01	2.04300e+03
4.68000e-01	2.06600e+03
4.69000e-01	2.07600e+03
4.70000e-01	2.01000e+03
4.71000e-01	2.00600e+03
4.72000e-01	2.11400e+03
4.73000e-01	2.08700e+03
4.74000e-01	2.09400e+03
4.75000e-01	2.11600e+03
4.76000e-01	2.05800e+03
4.77000e-01	2.06700e+03
4.78000e-01	2.12100e+03
4.79000e-01	2.10300e+03
4.80000e-01	2.10200e+03
4.81000e-01	2.13500e+03
4.82000e-01	2.14000e+03
4.83000e-01	2.10800e+03
4.84000e-01	2.06200e+03
4.85000e-01	1.96200e+03
4.86000e-01	1.71200e+03
4.87000e-01	1.79100e+03
4.88000e-01	1.96500e+03
4.89000e-01	1.97300e+03
4.90000e-01	2.07200e+03
4.91000e-01	2.03300e+03
4.92000e-01	1.91900e+03
4.93000e-01	1.98100e+03
4.94000e-01	2.00000e+03
4.95000e-01	2.01600e+03
4.96000e-01	2.02800e+03
4.97000e-01	2.05900e+03
4.98000e-01	1.96200e+03
4.99000e-01	1.98800e+03
5.00000e-01	1.93200e+03
5.01000e-01	1.89900e+03
5.02000e-01	1.87800e+03
5.03000e-01	1.96100e+03
5.04000e-01	1.93300e+03
5.05000e-01	1.98300e+03
5.06000e-01	2.04800e+03
5.07000e-01	1.94800e+03
5.08000e-01	1.88100e+03
5.09000e-01	1.92900e+03
5.10000e-01	1.91500e+03
5.11000e-01	1.96200e+03
5.12000e-01	1.98100e+03
5.13000e-01	1.87400e+03
5.14000e-01	1.85900e+03
5.15000e-01	1.84000e+03
5.16000e-01	1.83600e+03
5.17000e-01	1.63000e+03
5.18000e-01	1.71400e+03
5.19000e-01	1.79800e+03
5.20000e-01	1.86400e+03
5.21000e-01	1.88200e+03
5.22000e-01	1.88500e+03
5.23000e-01	1.85200e+03
5.24000e-01	1.92100e+03
5.25000e-01	1.94800e+03
5.26000e-01	1.86200e+03
5.27000e-01	1.75800e+03
5.28000e-01	1.86200e+03
5.29000e-01	1.96500e+03
5.30000e-01	1.93800e+03
5.31000e-01	1.96800e+03
5.32000e-01	1.90100e+03
5.33000e-01	1.84500e+03
5.34000e-01	1.89800e+03
5.35000e-01	1.93700e+03
5.36000e-01	1.95300e+03
5.37000e-01	1.87400e+03
5.38000e-01	1.90600e+03
5.39000e-01	1.89000e+03
5.40000e-01	1.81300e+03
5.41000e-01	1.83100e+03
5.42000e-01	1.89100e+03
5.43000e-01	1.86600e+03
5.44000e-01	1.90300e+03
5.45000e-01	1.89600e+03
5.46000e-01	1.90900e+03
5.47000e-01	1.90400e+03
5.48000e-01	1.87900e+03
5.49000e-01	1.88300e+03
5.50000e-01	1.90500e+03
5.51000e-01	1.88100e+03
5.52000e-01	1.89400e+03
5.53000e-01	1.86100e+03
5.54000e-01	1.90600e+03
5.55000e-01	1.91100e+03
5.56000e-01	1.88700e+03
5.57000e-01	1.83000e+03
5.58000e-01	1.81900e+03
5.59000e-01	1.78800e+03
5.60000e-01	1.81200e+03
5.61000e-01	1.83800e+03
5.62000e-01	1.82800e+03
5.63000e-01	1.88200e+03
5.64000e-01	1.83400e+03
5.65000e-01	1.82100e+03
5.66000e-01	1.79700e+03
5.67000e-01	1.83500e+03
5.68000e-01	1.82900e+03
5.69000e-01	1.80700e+03
5.70000e-01	1.80300e+03
5.71000e-01	1.78600e+03
5.72000e-01	1.84300e+03
5.73000e-01	1.86500e+03
5.74000e-01	1.86200e+03
5.75000e-01	1.83200e+03
5.76000e-01	1.81500e+03
5.77000e-01	1.83300e+03
5.78000e-01	1.80000e+03
5.79000e-01	1.79800e+03
5.80000e-01	1.81800e+03
5.81000e-01	1.81700e+03
5.82000e-01	1.84200e+03
5.83000e-01	1.83900e+03
5.84000e-01	1.85000e+03
5.85000e-01	1.80200e+03
5.86000e-01	1.76500e+03
5.87000e-01	1.81000e+03
5.88000e-01	1.79300e+03
5.89000e-01	1.64600e+03
5.90000e-01	1.71600e+03
5.91000e-01	1.78200e+03
5.92000e-01	1.78000e+03
5.93000e-01	1.78400e+03
5.94000e-01	1.78100e+03
5.95000e-01	1.75200e+03
5.96000e-01	1.77900e+03
5.97000e-01	1.76700e+03
5.98000e-01	1.75100e+03
5.99000e-01	1.74600e+03
6.00000e-01	1.73700e+03
6.01000e-01	1.71500e+03
6.02000e-01	1.70200e+03
6.03000e-01	1.72700e+03
6.04000e-01	1.75400e+03
6.05000e-01	1.74300e+03
6.06000e-01	1.73200e+03
6.07000e-01	1.74500e+03
6.08000e-01	1.72200e+03
6.09000e-01	1.72200e+03
6.10000e-01	1.70600e+03
6.11000e-01	1.71300e+03
6.12000e-01	1.70600e+03
6.13000e-01	1.68300e+03
6.14000e-01	1.65700e+03
6.15000e-01	1.69000e+03
6.16000e-01	1.63200e+03
6.17000e-01	1.62700e+03
6.18000e-01	1.68800e+03
6.19000e-01	1.67000e+03
6.20000e-01	1.68100e+03
6.21000e-01	1.68600e+03
6.22000e-01	1.67000e+03
6.23000e-01	1.64800e+03
6.24000e-01	1.61700e+03
6.25000e-01	1.61300e+03
6.26000e-01	1.63800e+03
6.27000e-01	1.66500e+03
6.28000e-01	1.66300e+03
6.29000e-01	1.66300e+03
6.30000e-01	1.62800e+03
6.31000e-01	1.62900e+03
6.32000e-01	1.60400e+03
6.33000e-01	1.63800e+03
6.34000e-01	1.61100e+03
6.35000e-01	1.63100e+03
6.36000e-01	1.60300e+03
6.37000e-01	1.62500e+03
6.38000e-01	1.63300e+03
6.39000e-01	1.61100e+03
6.40000e-01	1.59100e+03
6.41000e-01	1.58700e+03
6.42000e-01	1.57600e+03
6.43000e-01	1.59700e+03
6.44000e-01	1.58800e+03
6.45000e-01	1.59300e+03
6.46000e-01	1.56900e+03
6.47000e-01	1.57700e+03
6.48000e-01	1.59100e+03
6.49000e-01	1.56000e+03
6.50000e-01	1.52900e+03
6.51000e-01	1.58600e+03
6.52000e-01	1.56800e+03
6.53000e-01	1.56600e+03
6.54000e-01	1.54300e+03
6.55000e-01	1.50900e+03
6.56000e-01	1.32100e+03
6.57000e-01	1.35600e+03
6.58000e-01	1.50900e+03
6.59000e-01	1.51300e+03
6.60000e-01	1.51700e+03
6.61000e-01	1.52700e+03
6.62000e-01	1.53700e+03
6.63000e-01	1.50400e+03
6.64000e-01	1.51200e+03
6.65000e-01	1.50600e+03
6.66000e-01	1.50400e+03
6.67000e-01	1.49900e+03
6.68000e-01	1.49600e+03
6.69000e-01	1.51700e+03
6.70000e-01	1.50900e+03
6.71000e-01	1.50700e+03
6.72000e-01	1.49300e+03
6.73000e-01	1.51400e+03
6.74000e-01	1.50700e+03
6.75000e-01	1.49200e+03
6.76000e-01	1.50100e+03
6.77000e-01	1.48500e+03
6.78000e-01	1.48800e+03
6.79000e-01	1.46300e+03
6.80000e-01	1.47400e+03
6.81000e-01	1.46400e+03
6.82000e-01	1.46200e+03
6.83000e-01	1.45900e+03
6.84000e-01	1.45200e+03
6.85000e-01	1.46300e+03
6.86000e-01	1.45600e+03
6.87000e-01	1.47400e+03
6.88000e-01	1.45700e+03
6.89000e-01	1.45400e+03
6.90000e-01	1.44400e+03
6.91000e-01	1.43300e+03
6.92000e-01	1.42000e+03
6.93000e-01	1.42200e+03
6.94000e-01	1.42600e+03
6.95000e-01	1.42600e+03
6.96000e-01	1.43800e+03
6.97000e-01	1.43200e+03
6.98000e-01	1.41200e+03
6.99000e-01	1.43100e+03
7.00000e-01	1.41300e+03
7.01000e-01	1.41000e+03
7.02000e-01	1.40200e+03
7.03000e-01	1.40800e+03
7.04000e-01	1.42200e+03
7.05000e-01	1.42400e+03
7.06000e-01	1.41000e+03
7.07000e-01	1.40700e+03
7.08000e-01	1.41000e+03
7.09000e-01	1.39600e+03
7.10000e-01	1.40300e+03
7.11000e-01	1.39600e+03
7.12000e-01	1.38500e+03
7.13000e-01	1.37700e+03
7.14000e-01	1.38200e+03
7.15000e-01	1.35600e+03
7.16000e-01	1.36300e+03
7.17000e-01	1.38200e+03
7.18000e-01	1.36000e+03
7.19000e-01	1.33500e+03
7.20000e-01	1.36100e+03
7.21000e-01	1.34600e+03
7.22000e-01	1.34500e+03
7.23000e-01	1.35700e+03
7.24000e-01	1.34600e+03
7.25000e-01	1.33700e+03
7.26000e-01	1.33900e+03
7.27000e-01	1.34800e+03
7.28000e-01	1.32400e+03
7.29000e-01	1.29700e+03
7.30000e-01	1.32900e+03
7.31000e-01	1.31900e+03
7.32000e-01	1.32200e+03
7.33000e-01	1.31800e+03
7.34000e-01	1.33200e+03
7.35000e-01	1.31300e+03
7.36000e-01	1.30700e+03
7.37000e-01	1.31700e+03
7.38000e-01	1.29500e+03
7.39000e-01	1.27300e+03
7.40000e-01	1.29200e+03
7.41000e-01	1.27100e+03
7.42000e-01	1.26500e+03
7.43000e-01	1.29500e+03
7.44000e-01	1.28700e+03
7.45000e-01	1.28400e+03
7.46000e-01	1.29000e+03
7.47000e-01	1.29200e+03
7.48000e-01	1.28900e+03
7.49000e-01	1.27400e+03
7.50000e-01	1.27300e+03
7.51000e-01	1.26000e+03
7.52000e-01	1.26500e+03
7.53000e-01	1.27100e+03
7.54000e-01	1.27400e+03
7.55000e-01	1.26700e+03
7.56000e-01	1.26600e+03
7.57000e-01	1.26800e+03
7.58000e-01	1.25300e+03
7.59000e-01	1.24900e+03
7.60000e-01	1.24900e+03
7.61000e-01	1.24500e+03
7.62000e-01	1.22300e+03
7.63000e-01	1.24600e+03
7.64000e-01	1.23900e+03
7.65000e-01	1.22600e+03
7.66000e-01	1.17600e+03
7.67000e-01	1.21600e+03
7.68000e-01	1.22100e+03
7.69000e-01	1.20900e+03
7.70000e-01	1.20900e+03
7.71000e-01	1.20100e+03
7.72000e-01	1.19800e+03
7.73000e-01	1.20500e+03
7.74000e-01	1.19800e+03
7.75000e-01	1.18800e+03
7.76000e-01	1.20200e+03
7.77000e-01	1.18600e+03
7.78000e-01	1.17900e+03
7.79000e-01	1.18000e+03
7.80000e-01	1.17300e+03
7.81000e-01	1.17400e+03
7.82000e-01	1.18100e+03
7.83000e-01	1.16000e+03
7.84000e-01	1.16500e+03
7.85000e-01	1.15800e+03
7.86000e-01	1.17200e+03
7.87000e-01	1.16700e+03
7.88000e-01	1.16100e+03
7.89000e-01	1.16700e+03
7.90000e-01	1.16500e+03
7.91000e-01	1.14900e+03
7.92000e-01	1.13800e+03
7.93000e-01	1.12300e+03
7.94000e-01	1.11000e+03
7.95000e-01	1.13600e+03
7.96000e-01	1.14000e+03
7.97000e-01	1.13900e+03
7.98000e-01	1.13800e+03
7.99000e-01	1.13900e+03
8.00000e-01	1.12900e+03
8.01000e-01	1.13200e+03
8.02000e-01	1.12700e+03
8.03000e-01	1.12200e+03
8.04000e-01	1.12000e+03
8.05000e-01	1.10600e+03
8.06000e-01	1.12100e+03
8.07000e-01	1.11200e+03
8.08000e-01	1.11000e+03
8.09000e-01	1.10100e+03
8.10000e-01	1.10400e+03
8.11000e-01	1.11500e+03
8.12000e-01	1.11600e+03
8.13000e-01	1.11800e+03
8.14000e-01	1.11100e+03
8.15000e-01	1.10500e+03
8.16000e-01	1.10300e+03
8.17000e-01	1.09900e+03
8.18000e-01	1.07700e+03
8.19000e-01	1.07100e+03
8.20000e-01	1.06400e+03
8.21000e-01	1.06300e+03
8.22000e-01	1.06500e+03
8.23000e-01	1.07600e+03
8.24000e-01	1.07300e+03
8.25000e-01	1.07000e+03
8.26000e-01	1.07800e+03
8.27000e-01	1.07600e+03
8.28000e-01	1.07000e+03
8.29000e-01	1.06300e+03
8.30000e-01	1.06000e+03
8.31000e-01	1.05400e+03
8.32000e-01	1.05700e+03
8.33000e-01	1.02400e+03
8.34000e-01	1.02900e+03
8.35000e-01	1.04500e+03
8.36000e-01	1.05000e+03
8.37000e-01	1.04500e+03
8.38000e-01	1.02900e+03
8.39000e-01	1.02600e+03
8.40000e-01	1.04300e+03
8.41000e-01	1.03700e+03
8.42000e-01	1.02800e+03
8.43000e-01	1.01600e+03
8.44000e-01	1.00900e+03
8.45000e-01	1.03300e+03
8.46000e-01	1.02700e+03
8.47000e-01	1.00400e+03
8.48000e-01	1.00300e+03
8.49000e-01	9.74900e+02
8.50000e-01	9.33000e+02
8.51000e-01	9.93900e+02
8.52000e-01	9.84400e+02
8.53000e-01	9.42700e+02
8.54000e-01	8.17900e+02
8.55000e-01	8.93000e+02
8.56000e-01	9.78300e+02
8.57000e-01	9.96400e+02
8.58000e-01	9.90500e+02
8.59000e-01	9.89400e+02
8.60000e-01	9.89600e+02
8.61000e-01	9.84700e+02
8.62000e-01	9.99400e+02
8.63000e-01	1.02300e+03
8.64000e-01	9.71600e+02
8.65000e-01	9.62700e+02
8.66000e-01	8.65600e+02
8.67000e-01	9.03200e+02
8.68000e-01	9.82700e+02
8.69000e-01	9.62100e+02
8.70000e-01	9.89400e+02
8.71000e-01	9.76000e+02
8.72000e-01	9.72300e+02
8.73000e-01	9.70300e+02
8.74000e-01	9.58700e+02
8.75000e-01	9.39500e+02
8.76000e-01	9.49600e+02
8.77000e-01	9.58800e+02
8.78000e-01	9.70200e+02
8.79000e-01	9.55000e+02
8.80000e-01	9.34400e+02
8.81000e-01	9.23100e+02
8.82000e-01	9.43600e+02
8.83000e-01	9.44800e+02
8.84000e-01	9.41000e+02
8.85000e-01	9.48000e+02
8.86000e-01	9.12600e+02
8.87000e-01	9.15800e+02
8.88000e-01	9.35700e+02
8.89000e-01	9.36000e+02
8.90000e-01	9.38700e+02
8.91000e-01	9.31600e+02
8.92000e-01	9.16700e+02
8.93000e-01	9.11200e+02
8.94000e-01	9.13400e+02
8.95000e-01	9.09800e+02
8.96000e-01	9.23200e+02
8.97000e-01	9.09300e+02
8.98000e-01	9.13100e+02
8.99000e-01	9.10400e+02
9.00000e-01	8.89600e+02
9.01000e-01	8.59000e+02
9.02000e-01	8.67800e+02
9.03000e-01	9.00800e+02
9.04000e-01	9.09800e+02
9.05000e-01	9.07200e+02
9.06000e-01	8.86200e+02
9.07000e-01	8.93400e+02
9.08000e-01	8.77700e+02
9.09000e-01	8.59800e+02
9.10000e-01	8.76800e+02
9.11000e-01	8.72200e+02
9.12000e-01	8.73400e+02
9.13000e-01	8.92600e+02
9.14000e-01	8.82000e+02
9.15000e-01	8.74700e+02
9.16000e-01	8.78500e+02
9.17000e-01	8.66100e+02
9.18000e-01	8.70300e+02
9.19000e-01	8.73300e+02
9.20000e-01	8.62600e+02
9.21000e-01	8.41000e+02
9.22000e-01	8.37800e+02
9.23000e-01	8.14800e+02
9.24000e-01	8.40600e+02
9.25000e-01	8.40400e+02
9.26000e-01	8.29700e+02
9.27000e-01	8.56100e+02
9.28000e-01	8.57500e+02
9.29000e-01	8.46100e+02
9.30000e-01	8.50500e+02
9.31000e-01	8.50500e+02
9.32000e-01	8.46000e+02
9.33000e-01	8.49200e+02
9.34000e-01	8.47100e+02
9.35000e-01	8.37100e+02
9.36000e-01	8.33000e+02
9.37000e-01	8.38900e+02
9.38000e-01	8.38200e+02
9.39000e-01	8.32200e+02
9.40000e-01	8.22400e+02
9.41000e-01	7.92500e+02
9.42000e-01	8.09000e+02
9.43000e-01	8.18900e+02
9.44000e-01	8.07900e+02
9.45000e-01	8.16000e+02
9.46000e-01	8.18900e+02
9.47000e-01	8.20700e+02
9.48000e-01	8.21400e+02
9.49000e-01	8.20700e+02
9.50000e-01	8.14900e+02
9.51000e-01	8.10500e+02
9.52000e-01	8.11200e+02
9.53000e-01	8.03800e+02
9.54000e-01	7.79200e+02
9.55000e-01	7.66000e+02
9.56000e-01	7.98400e+02
9.57000e-01	7.92200e+02
9.58000e-01	8.00800e+02
9.59000e-01	8.01600e+02
9.60000e-01	7.90300e+02
9.61000e-01	7.94100e+02
9.62000e-01	7.87300e+02
9.63000e-01	7.83400e+02
9.64000e-01	7.83100e+02
9.65000e-01	7.80000e+02
9.66000e-01	7.73700e+02
9.67000e-01	7.80400e+02
9.68000e-01	7.79300e+02
9.69000e-01	7.78800e+02
9.70000e-01	7.78000e+02
9.71000e-01	7.75600e+02
9.72000e-01	7.77400e+02
9.73000e-01	7.69200e+02
9.74000e-01	7.59800e+02
9.75000e-01	7.69000e+02
9.76000e-01	7.64700e+02
9.77000e-01	7.63000e+02
9.78000e-01	7.61900e+02
9.79000e-01	7.55500e+02
9.80000e-01	7.59400e+02
9.81000e-01	7.63500e+02
9.82000e-01	7.60900e+02
9.83000e-01	7.55400e+02
9.84000e-01	7.54400e+02
9.85000e-01	7.55000e+02
9.86000e-01	7.49400e+02
9.87000e-01	7.47900e+02
9.88000e-01	7.48900e+02
9.89000e-01	7.37100e+02
9.90000e-01	7.40200e+02
9.91000e-01	7.41500e+02
9.92000e-01	7.43800e+02
9.93000e-01	7.41800e+02
9.94000e-01	7.41800e+02
9.95000e-01	7.38500e+02
9.96000e-01	7.37900e+02
9.97000e-01	7.37600e+02
9.98000e-01	7.35100e+02
9.99000e-01	7.31700e+02
1.00000e+00	7.30700e+02
1.00100e+00	7.35200e+02
1.00200e+00	7.32000e+02
1.00300e+00	7.23300e+02
1.00400e+00	7.10000e+02
1.00500e+00	6.77900e+02
1.00600e+00	7.07800e+02
1.00700e+00	7.20800e+02
1.00800e+00	7.20300e+02
1.00900e+00	7.19900e+02
1.01000e+00	7.18800e+02
1.01100e+00	7.16700e+02
1.01200e+00	7.14100e+02
1.01300e+00	7.14100e+02
1.01400e+00	7.09100e+02
1.01500e+00	7.05000e+02
1.01600e+00	7.02300e+02
1.01700e+00	7.04500e+02
1.01800e+00	6.99900e+02
1.01900e+00	6.91400e+02
1.02000e+00	6.97200e+02
1.02100e+00	6.95100e+02
1.02200e+00	6.92000e+02
1.02300e+00	7.00000e+02
1.02400e+00	6.97600e+02
1.02500e+00	6.97100e+02
1.02600e+00	6.95700e+02
1.02700e+00	6.93900e+02
1.02800e+00	6.93000e+02
1.02900e+00	6.85300e+02
1.03000e+00	6.87600e+02
1.03100e+00	6.85900e+02
1.03200e+00	6.83100e+02
1.03300e+00	6.73000e+02
1.03400e+00	6.72800e+02
1.03500e+00	6.74900e+02
1.03600e+00	6.79100e+02
1.03700e+00	6.67800e+02
1.03800e+00	6.71000e+02
1.03900e+00	6.71000e+02
1.04000e+00	6.68400e+02
1.04100e+00	6.71600e+02
1.04200e+00	6.67000e+02
1.04300e+00	6.65200e+02
1.04400e+00	6.67900e+02
1.04500e+00	6.59200e+02
1.04600e+00	6.52300e+02
1.04700e+00	6.58600e+02
1.04800e+00	6.62700e+02
1.04900e+00	6.60800e+02
1.05000e+00	6.58300e+02
1.05100e+00	6.58000e+02
1.05200e+00	6.55900e+02
1.05300e+00	6.51400e+02
1.05400e+00	6.53600e+02
1.05500e+00	6.54900e+02
1.05600e+00	6.53600e+02
1.05700e+00	6.52400e+02
1.05800e+00	6.37200e+02
1.05900e+00	6.38900e+02
1.06000e+00	6.38400e+02
1.06100e+00	6.38200e+02
1.06200e+00	6.42600e+02
1.06300e+00	6.37000e+02
1.06400e+00	6.44200e+02
1.06500e+00	6.41900e+02
1.06600e+00	6.27400e+02
1.06700e+00	6.36100e+02
1.06800e+00	6.24000e+02
1.06900e+00	6.03600e+02
1.07000e+00	6.26200e+02
1.07100e+00	6.29700e+02
1.07200e+00	6.27200e+02
1.07300e+00	6.16800e+02
1.07400e+00	6.26500e+02
1.07500e+00	6.13200e+02
1.07600e+00	6.27100e+02
1.07700e+00	6.27000e+02
1.07800e+00	6.17700e+02
1.07900e+00	6.14300e+02
1.08000e+00	6.22900e+02
1.08100e+00	6.05700e+02
1.08200e+00	6.00300e+02
1.08300e+00	5.99400e+02
1.08400e+00	6.14000e+02
1.08500e+00	6.17600e+02
1.08600e+00	6.10000e+02
1.08700e+00	5.89300e+02
1.08800e+00	6.02400e+02
1.08900e+00	6.01500e+02
1.09000e+00	6.09500e+02
1.09100e+00	6.06500e+02
1.09200e+00	6.00900e+02
1.09300e+00	5.81100e+02
1.09400e+00	5.56800e+02
1.09500e+00	5.83500e+02
1.09600e+00	5.83000e+02
1.09700e+00	5.83900e+02
1.09800e+00	5.75900e+02
1.09900e+00	5.89200e+02
1.10000e+00	5.92700e+02
1.10100e+00	5.84800e+02
1.10200e+00	5.77200e+02
1.10300e+00	5.88500e+02
1.10400e+00	5.86500e+02
1.10500e+00	5.86300e+02
1.10600e+00	5.84500e+02
1.10700e+00	5.82400e+02
1.10800e+00	5.82700e+02
1.10900e+00	5.82100e+02
1.11000e+00	5.82300e+02
1.11100e+00	5.77800e+02
1.11200e+00	5.73900e+02
1.11300e+00	5.72500e+02
1.11400e+00	5.77500e+02
1.11500e+00	5.72800e+02
1.11600e+00	5.73200e+02
1.11700e+00	5.75700e+02
1.11800e+00	5.70300e+02
1.11900e+00	5.62500e+02
1.12000e+00	5.62600e+02
1.12100e+00	5.66300e+02
1.12200e+00	5.68500e+02
1.12300e+00	5.67600e+02
1.12400e+00	5.63600e+02
1.12500e+00	5.48100e+02
1.12600e+00	5.53500e+02
1.12700e+00	5.58000e+02
1.12800e+00	5.55800e+02
1.12900e+00	5.49700e+02
1.13000e+00	5.50800e+02
1.13100e+00	5.53600e+02
1.13200e+00	5.53800e+02
1.13300e+00	5.44700e+02
1.13400e+00	5.50100e+02
1.13500e+00	5.50300e+02
1.13600e+00	5.51000e+02
1.13700e+00	5.45400e+02
1.13800e+00	5.38300e+02
1.13900e+00	5.40200e+02
1.14000e+00	5.35900e+02
1.14100e+00	5.36700e+02
1.14200e+00	5.38800e+02
1.14300e+00	5.40100e+02
1.14400e+00	5.35100e+02
1.14500e+00	5.39500e+02
1.14600e+00	5.43300e+02
1.14700e+00	5.41800e+02
1.14800e+00	5.38300e+02
1.14900e+00	5.37300e+02
1.15000e+00	5.35800e+02
1.15100e+00	5.35400e+02
1.15200e+00	5.31100e+02
1.15300e+00	5.34100e+02
1.15400e+00	5.35100e+02
1.15500e+00	5.32100e+02
1.15600e+00	5.30400e+02
1.15700e+00	5.30500e+02
1.15800e+00	5.29100e+02
1.15900e+00	5.16900e+02
1.16000e+00	5.18200e+02
1.16100e+00	5.08400e+02
1.16200e+00	5.22000e+02
1.16300e+00	5.21600e+02
1.16400e+00	5.14700e+02
1.16500e+00	5.17500e+02
1.16600e+00	5.13400e+02
1.16700e+00	5.16900e+02
1.16800e+00	5.17700e+02
1.16900e+00	5.06500e+02
1.17000e+00	5.16000e+02
1.17100e+00	5.17500e+02
1.17200e+00	5.16100e+02
1.17300e+00	5.15600e+02
1.17400e+00	5.13200e+02
1.17500e+00	4.98800e+02
1.17600e+00	5.07200e+02
1.17700e+00	5.07100e+02
1.17800e+00	5.01200e+02
1.17900e+00	5.08500e+02
1.18000e+00	5.09700e+02
1.18100e+00	5.06100e+02
1.18200e+00	5.00000e+02
1.18300e+00	4.85500e+02
1.18400e+00	4.99800e+02
1.18500e+00	5.04300e+02
1.18600e+00	5.03200e+02
1.18700e+00	5.03100e+02
1.18800e+00	4.84700e+02
1.18900e+00	4.83900e+02
1.19000e+00	4.98000e+02
1.19100e+00	5.01100e+02
1.19200e+00	4.98600e+02
1.19300e+00	4.98100e+02
1.19400e+00	4.97200e+02
1.19500e+00	4.91100e+02
1.19600e+00	4.91600e+02
1.19700e+00	4.79500e+02
1.19800e+00	4.74200e+02
1.19900e+00	4.69100e+02
1.20000e+00	4.88600e+02
1.20100e+00	4.90700e+02
1.20200e+00	4.88000e+02
1.20300e+00	4.67600e+02
1.20400e+00	4.78800e+02
1.20500e+00	4.84500e+02
1.20600e+00	4.85100e+02
1.20700e+00	4.84200e+02
1.20800e+00	4.59500e+02
1.20900e+00	4.68700e+02
1.21000e+00	4.71300e+02
1.21100e+00	4.73000e+02
1.21200e+00	4.78700e+02
1.21300e+00	4.78100e+02
1.21400e+00	4.78200e+02
1.21500e+00	4.78000e+02
1.21600e+00	4.77200e+02
1.21700e+00	4.75900e+02
1.21800e+00	4.74100e+02
1.21900e+00	4.72100e+02
1.22000e+00	4.73500e+02
1.22100e+00	4.71600e+02
1.22200e+00	4.69800e+02
1.22300e+00	4.68300e+02
1.22400e+00	4.69600e+02
1.22500e+00	4.68100e+02
1.22600e+00	4.66000e+02
1.22700e+00	4.56700e+02
1.22800e+00	4.64200e+02
1.22900e+00	4.65100e+02
1.23000e+00	4.62600e+02
1.23100e+00	4.61100e+02
1.23200e+00	4.58900e+02
1.23300e+00	4.59800e+02
1.23400e+00	4.57400e+02
1.23500e+00	4.56900e+02
1.23600e+00	4.58300e+02
1.23700e+00	4.57700e+02
1.23800e+00	4.56700e+02
1.23900e+00	4.51000e+02
1.24000e+00	4.51900e+02
1.24100e+00	4.53800e+02
1.24200e+00	4.49200e+02
1.24300e+00	4.45300e+02
1.24400e+00	4.49700e+02
1.24500e+00	4.50900e+02
1.24600e+00	4.48100e+02
1.24700e+00	4.47500e+02
1.24800e+00	4.49300e+02
1.24900e+00	4.48800e+02
1.25000e+00	4.47300e+02
1.25100e+00	4.44100e+02
1.25200e+00	4.41000e+02
1.25300e+00	4.43200e+02
1.25400e+00	4.43300e+02
1.25500e+00	4.42100e+02
1.25600e+00	4.40400e+02
1.25700e+00	4.40200e+02
1.25800e+00	4.39800e+02
1.25900e+00	4.40800e+02
1.26000e+00	4.41000e+02
1.26100e+00	4.38500e+02
1.26200e+00	4.37500e+02
1.26300e+00	4.39100e+02
1.26400e+00	4.34900e+02
1.26500e+00	4.35700e+02
1.26600e+00	4.36500e+02
1.26700e+00	4.32200e+02
1.26800e+00	4.29200e+02
1.26900e+00	4.33700e+02
1.27000e+00	4.35200e+02
1.27100e+00	4.34100e+02
1.27200e+00	4.33000e+02
1.27300e+00	4.31000e+02
1.27400e+00	4.29300e+02
1.27500e+00	4.31000e+02
1.27600e+00	4.30900e+02
1.27700e+00	4.29800e+02
1.27800e+00	4.27900e+02
1.27900e+00	4.24500e+02
1.28000e+00	4.19100e+02
1.28100e+00	3.95800e+02
1.28200e+00	3.74900e+02
1.28300e+00	4.05100e+02
1.28400e+00	4.16400e+02
1.28500e+00	4.18200e+02
1.28600e+00	4.19900e+02
1.28700e+00	4.20800e+02
1.28800e+00	4.19200e+02
1.28900e+00	4.19200e+02
1.29000e+00	4.13900e+02
1.29100e+00	4.17200e+02
1.29200e+00	4.19000e+02
1.29300e+00	4.16600e+02
1.29400e+00	4.15700e+02
1.29500e+00	4.17400e+02
1.29600e+00	4.17500e+02
1.29700e+00	4.13800e+02
1.29800e+00	4.13300e+02
1.29900e+00	4.15400e+02
1.30000e+00	4.13800e+02
1.30100e+00	4.11300e+02
1.30200e+00	4.09400e+02
1.30300e+00	4.06300e+02
1.30400e+00	4.07600e+02
1.30500e+00	4.09800e+02
1.30600e+00	4.09600e+02
1.30700e+00	4.07300e+02
1.30800e+00	4.06800e+02
1.30900e+00	4.06500e+02
1.31000e+00	4.03900e+02
1.31100e+00	4.03700e+02
1.31200e+00	3.92800e+02
1.31300e+00	3.96200e+02
1.31400e+00	3.99600e+02
1.31500e+00	3.87800e+02
1.31600e+00	3.97100e+02
1.31700e+00	3.98900e+02
1.31800e+00	3.97200e+02
1.31900e+00	4.00000e+02
1.32000e+00	3.98000e+02
1.32100e+00	3.95700e+02
1.32200e+00	3.96500e+02
1.32300e+00	3.96100e+02
1.32400e+00	3.96400e+02
1.32500e+00	3.94600e+02
1.32600e+00	3.92300e+02
1.32700e+00	3.91900e+02
1.32800e+00	3.88300e+02
1.32900e+00	3.83600e+02
1.33000e+00	3.89300e+02
1.33100e+00	3.88300e+02
1.33200e+00	3.84000e+02
1.33300e+00	3.90100e+02
1.33400e+00	3.90500e+02
1.33500e+00	3.88000e+02
1.33600e+00	3.88600e+02
1.33700e+00	3.87000e+02
1.33800e+00	3.84700e+02
1.33900e+00	3.78900e+02
1.34000e+00	3.83000e+02
1.34100e+00	3.83700e+02
1.34200e+00	3.83400e+02
1.34300e+00	3.83000e+02
1.34400e+00	3.84000e+02
1.34500e+00	3.82000e+02
1.34600e+00	3.80300e+02
1.34700e+00	3.81100e+02
1.34800e+00	3.80900e+02
1.34900e+00	3.78000e+02
1.35000e+00	3.75100e+02
1.35100e+00	3.77700e+02
1.35200e+00	3.79100e+02
1.35300e+00	3.77500e+02
1.35400e+00	3.75300e+02
1.35500e+00	3.71600e+02
1.35600e+00	3.69900e+02
1.35700e+00	3.70400e+02
1.35800e+00	3.73200e+02
1.35900e+00	3.69600e+02
1.36000e+00	3.69900e+02
1.36100e+00	3.72800e+02
1.36200e+00	3.68800e+02
1.36300e+00	3.67000e+02
1.36400e+00	3.68500e+02
1.36500e+00	3.69400e+02
1.36600e+00	3.67100e+02
1.36700e+00	3.65900e+02
1.36800e+00	3.64500e+02
1.36900e+00	3.62100e+02
1.37000e+00	3.61900e+02
1.37100e+00	3.62600e+02
1.37200e+00	3.65600e+02
1.37300e+00	3.65400e+02
1.37400e+00	3.62200e+02
1.37500e+00	3.59300e+02
1.37600e+00	3.57700e+02
1.37700e+00	3.60700e+02
1.37800e+00	3.61200e+02
1.37900e+00	3.61900e+02
1.38000e+00	3.60400e+02
1.38100e+00	3.59200e+02
1.38200e+00	3.56200e+02
1.38300e+00	3.57700e+02
1.38400e+00	3.58300e+02
1.38500e+00	3.56400e+02
1.38600e+00	3.56500e+02
1.38700e+00	3.55800e+02
1.38800e+00	3.57000e+02
1.38900e+00	3.55000e+02
1.39000e+00	3.52900e+02
1.39100e+00	3.55300e+02
1.39200e+00	3.54100e+02
1.39300e+00	3.52800e+02
1.39400e+00	3.51100e+02
1.39500e+00	3.50500e+02
1.39600e+00	3.51800e+02
1.39700e+00	3.52100e+02
1.39800e+00	3.51600e+02
1.39900e+00	3.47800e+02
1.40000e+00	3.42900e+02
1.40100e+00	3.45500e+02
1.40200e+00	3.47300e+02
1.40300e+00	3.44700e+02
1.40400e+00	3.44900e+02
1.40500e+00	3.45500e+02
1.40600e+00	3.44700e+02
1.40700e+00	3.44600e+02
1.40800e+00	3.44600e+02
1.40900e+00	3.45200e+02
1.41000e+00	3.43500e+02
1.41100e+00	3.36400e+02
1.41200e+00	3.36500e+02
1.41300e+00	3.38400e+02
1.41400e+00	3.39800e+02
1.41500e+00	3.40900e+02
1.41600e+00	3.38700e+02
1.41700e+00	3.40800e+02
1.41800e+00	3.39300e+02
1.41900e+00	3.36800e+02
1.42000e+00	3.36800e+02
1.42100e+00	3.33600e+02
1.42200e+00	3.31100e+02
1.42300e+00	3.31800e+02
1.42400e+00	3.32000e+02
1.42500e+00	3.30100e+02
1.42600e+00	3.28000e+02
1.42700e+00	3.29300e+02
1.42800e+00	3.30300e+02
1.42900e+00	3.24700e+02
1.43000e+00	3.28700e+02
1.43100e+00	3.29100e+02
1.43200e+00	3.34100e+02
1.43300e+00	3.30800e+02
1.43400e+00	3.30100e+02
1.43500e+00	3.31000e+02
1.43600e+00	3.30300e+02
1.43700e+00	3.30700e+02
1.43800e+00	3.30400e+02
1.43900e+00	3.27200e+02
1.44000e+00	3.14200e+02
1.44100e+00	3.22500e+02
1.44200e+00	3.18400e+02
1.44300e+00	3.21800e+02
1.44400e+00	3.20600e+02
1.44500e+00	3.24800e+02
1.44600e+00	3.22200e+02
1.44700e+00	3.22300e+02
1.44800e+00	3.24200e+02
1.44900e+00	3.23100e+02
1.45000e+00	3.18800e+02
1.45100e+00	3.15400e+02
1.45200e+00	3.18600e+02
1.45300e+00	3.18000e+02
1.45400e+00	3.14500e+02
1.45500e+00	3.14100e+02
1.45600e+00	3.15100e+02
1.45700e+00	3.17100e+02
1.45800e+00	3.19700e+02
1.45900e+00	3.18400e+02
1.46000e+00	3.16500e+02
1.46100e+00	3.15400e+02
1.46200e+00	3.12700e+02
1.46300e+00	3.11400e+02
1.46400e+00	3.13400e+02
1.46500e+00	3.11300e+02
1.46600e+00	3.13500e+02
1.46700e+00	3.12900e+02
1.46800e+00	3.11600e+02
1.46900e+00	3.13500e+02
1.47000e+00	3.08300e+02
1.47100e+00	3.08000e+02
1.47200e+00	3.06700e+02
1.47300e+00	3.03300e+02
1.47400e+00	3.02800e+02
1.47500e+00	3.03600e+02
1.47600e+00	3.04900e+02
1.47700e+00	3.03400e+02
1.47800e+00	3.03500e+02
1.47900e+00	3.07500e+02
1.48000e+00	3.05500e+02
1.48100e+00	3.04400e+02
1.48200e+00	3.03800e+02
1.48300e+00	3.01200e+02
1.48400e+00	3.05400e+02
1.48500e+00	3.06000e+02
1.48600e+00	3.02100e+02
1.48700e+00	2.89600e+02
1.48800e+00	2.79300e+02
1.48900e+00	3.00800e+02
1.49000e+00	3.02600e+02
1.49100e+00	3.01300e+02
1.49200e+00	3.01100e+02
1.49300e+00	3.02800e+02
1.49400e+00	3.03200e+02
1.49500e+00	2.98000e+02
1.49600e+00	2.93800e+02
1.49700e+00	2.97400e+02
1.49800e+00	2.97500e+02
1.49900e+00	2.97600e+02
1.50000e+00	2.99300e+02
1.50100e+00	2.97500e+02
1.50200e+00	2.82500e+02
1.50300e+00	2.78300e+02
1.50400e+00	2.74500e+02
1.50500e+00	2.74200e+02
1.50600e+00	2.87100e+02
1.50700e+00	2.91600e+02
1.50800e+00	2.86900e+02
1.50900e+00	2.91000e+02
1.51000e+00	2.93800e+02
1.51100e+00	2.92600e+02
1.51200e+00	2.87200e+02
1.51300e+00	2.86500e+02
1.51400e+00	2.86800e+02
1.51500e+00	2.88200e+02
1.51600e+00	2.85700e+02
1.51700e+00	2.87100e+02
1.51800e+00	2.87400e+02
1.51900e+00	2.86700e+02
1.52000e+00	2.85200e+02
1.52100e+00	2.81300e+02
1.52200e+00	2.81200e+02
1.52300e+00	2.83800e+02
1.52400e+00	2.81500e+02
1.52500e+00	2.82300e+02
1.52600e+00	2.84300e+02
1.52700e+00	2.84300e+02
1.52800e+00	2.83600e+02
1.52900e+00	2.75500e+02
1.53000e+00	2.73500e+02
1.53100e+00	2.81200e+02
1.53200e+00	2.80000e+02
1.53300e+00	2.77300e+02
1.53400e+00	2.74800e+02
1.53500e+00	2.78000e+02
1.53600e+00	2.79200e+02
1.53700e+00	2.76700e+02
1.53800e+00	2.73800e+02
1.53900e+00	2.71900e+02
1.54000e+00	2.69400e+02
1.54100e+00	2.72500e+02
1.54200e+00	2.73200e+02
1.54300e+00	2.74800e+02
1.54400e+00	2.75400e+02
1.54500e+00	2.75800e+02
1.54600e+00	2.74000e+02
1.54700e+00	2.68100e+02
1.54800e+00	2.67900e+02
1.54900e+00	2.69100e+02
1.55000e+00	2.67800e+02
1.55100e+00	2.70400e+02
1.55200e+00	2.70800e+02
1.55300e+00	2.66000e+02
1.55400e+00	2.64500e+02
1.55500e+00	2.64400e+02
1.55600e+00	2.64600e+02
1.55700e+00	2.67400e+02
1.55800e+00	2.66000e+02
1.55900e+00	2.64500e+02
1.56000e+00	2.66400e+02
1.56100e+00	2.68100e+02
1.56200e+00	2.66100e+02
1.56300e+00	2.63300e+02
1.56400e+00	2.64800e+02
1.56500e+00	2.64100e+02
1.56600e+00	2.61200e+02
1.56700e+00	2.61200e+02
1.56800e+00	2.59000e+02
1.56900e+00	2.59500e+02
1.57000e+00	2.62000e+02
1.57100e+00	2.64100e+02
1.57200e+00	2.62300e+02
1.57300e+00	2.61000e+02
1.57400e+00	2.52300e+02
1.57500e+00	2.49800e+02
1.57600e+00	2.47500e+02
1.57700e+00	2.41700e+02
1.57800e+00	2.54600e+02
1.57900e+00	2.58700e+02
1.58000e+00	2.60000e+02
1.58100e+00	2.56000e+02
1.58200e+00	2.50200e+02
1.58300e+00	2.52100e+02
1.58400e+00	2.53500e+02
1.58500e+00	2.55500e+02
1.58600e+00	2.53300e+02
1.58700e+00	2.49000e+02
1.58800e+00	2.39500e+02
1.58900e+00	2.31800e+02
1.59000e+00	2.37900e+02
1.59100e+00	2.43300e+02
1.59200e+00	2.52100e+02
1.59300e+00	2.54300e+02
1.59400e+00	2.55100e+02
1.59500e+00	2.50800e+02
1.59600e+00	2.43900e+02
1.59700e+00	2.51500e+02
1.59800e+00	2.52800e+02
1.59900e+00	2.49900e+02
1.60000e+00	2.47700e+02
1.60100e+00	2.44900e+02
1.60200e+00	2.46600e+02
1.60300e+00	2.47500e+02
1.60400e+00	2.45700e+02
1.60500e+00	2.45400e+02
1.60600e+00	2.42700e+02
1.60700e+00	2.44800e+02
1.60800e+00	2.45900e+02
1.60900e+00	2.38500e+02
1.61000e+00	2.33600e+02
1.61100e+00	2.38000e+02
1.61200e+00	2.40000e+02
1.61300e+00	2.41500e+02
1.61400e+00	2.40900e+02
1.61500e+00	2.35200e+02
1.61600e+00	2.31700e+02
1.61700e+00	2.37100e+02
1.61800e+00	2.40200e+02
1.61900e+00	2.37200e+02
1.62000e+00	2.30600e+02
1.62100e+00	2.33700e+02
1.62200e+00	2.37400e+02
1.62300e+00	2.40700e+02
1.62400e+00	2.38700e+02
1.62500e+00	2.37700e+02
1.62600e+00	2.38600e+02
1.62700e+00	2.40000e+02
1.62800e+00	2.40100e+02
1.62900e+00	2.37300e+02
1.63000e+00	2.36300e+02
1.63100e+00	2.36600e+02
1.63200e+00	2.35300e+02
1.63300e+00	2.31500e+02
1.63400e+00	2.32600e+02
1.63500e+00	2.34000e+02
1.63600e+00	2.29000e+02
1.63700e+00	2.25100e+02
1.63800e+00	2.19700e+02
1.63900e+00	2.20700e+02
1.64000e+00	2.21200e+02
1.64100e+00	2.20000e+02
1.64200e+00	2.22400e+02
1.64300e+00	2.23500e+02
1.64400e+00	2.21700e+02
1.64500e+00	2.23400e+02
1.64600e+00	2.25500e+02
1.64700e+00	2.25600e+02
1.64800e+00	2.23900e+02
1.64900e+00	2.23000e+02
1.65000e+00	2.23600e+02
1.65100e+00	2.23200e+02
1.65200e+00	2.24200e+02
1.65300e+00	2.24300e+02
1.65400e+00	2.23700e+02
1.65500e+00	2.24100e+02
1.65600e+00	2.25100e+02
1.65700e+00	2.24600e+02
1.65800e+00	2.23700e+02
1.65900e+00	2.23000e+02
1.66000e+00	2.24800e+02
1.66100e+00	2.24700e+02
1.66200e+00	2.22900e+02
1.66300e+00	2.21800e+02
1.66400e+00	2.21300e+02
1.66500e+00	2.19400e+02
1.66600e+00	2.18700e+02
1.66700e+00	2.17400e+02
1.66800e+00	2.15200e+02
1.66900e+00	2.18300e+02
1.67000e+00	2.19000e+02
1.67100e+00	2.14900e+02
1.67200e+00	2.10500e+02
1.67300e+00	2.14400e+02
1.67400e+00	2.14200e+02
1.67500e+00	2.10000e+02
1.67600e+00	2.10400e+02
1.67700e+00	2.12000e+02
1.67800e+00	2.10300e+02
1.67900e+00	2.06300e+02
1.68000e+00	1.99000e+02
1.68100e+00	1.97100e+02
1.68200e+00	2.02400e+02
1.68300e+00	2.06900e+02
1.68400e+00	2.09200e+02
1.68500e+00	2.09300e+02
1.68600e+00	2.08900e+02
1.68700e+00	2.08900e+02
1.68800e+00	2.08600e+02
1.68900e+00	2.06500e+02
1.69000e+00	2.08800e+02
1.69100e+00	2.10000e+02
1.69200e+00	2.10200e+02
1.69300e+00	2.09800e+02
1.69400e+00	2.09300e+02
1.69500e+00	2.08800e+02
1.69600e+00	2.08100e+02
1.69700e+00	2.07800e+02
1.69800e+00	2.07600e+02
1.69900e+00	2.06000e+02
1.70000e+00	2.04300e+02
1.70100e+00	2.03900e+02
1.70200e+00	2.02600e+02
1.70300e+00	2.02200e+02
1.70400e+00	2.04300e+02
1.70500e+00	2.02800e+02
1.71000e+00	1.98100e+02
1.71500e+00	1.99300e+02
1.72000e+00	1.95900e+02
1.72500e+00	1.93300e+02
1.73000e+00	1.91100e+02
1.73500e+00	1.81400e+02
1.74000e+00	1.84800e+02
1.74500e+00	1.85700e+02
1.75000e+00	1.84300e+02
1.75500e+00	1.84200e+02
1.76000e+00	1.81600e+02
1.76500e+00	1.79700e+02
1.77000e+00	1.78300e+02
1.77500e+00	1.75800e+02
1.78000e+00	1.73500e+02
1.78500e+00	1.72600e+02
1.79000e+00	1.72100e+02
1.79500e+00	1.70100e+02
1.80000e+00	1.68200e+02
1.80500e+00	1.66800e+02
1.81000e+00	1.65400e+02
1.81500e+00	1.58300e+02
1.82000e+00	1.55500e+02
1.82500e+00	1.59900e+02
1.83000e+00	1.59200e+02
1.83500e+00	1.57600e+02
1.84000e+00	1.55500e+02
1.84500e+00	1.53000e+02
1.85000e+00	1.53300e+02
1.85500e+00	1.52000e+02
1.86000e+00	1.50000e+02
1.86500e+00	1.47900e+02
1.87000e+00	1.45500e+02
1.87500e+00	1.34800e+02
1.88000e+00	1.42400e+02
1.88500e+00	1.43100e+02
1.89000e+00	1.40900e+02
1.89500e+00	1.37800e+02
1.90000e+00	1.38800e+02
1.90500e+00	1.38100e+02
1.91000e+00	1.36600e+02
1.91500e+00	1.35700e+02
1.92000e+00	1.34100e+02
1.92500e+00	1.33400e+02
1.93000e+00	1.30300e+02
1.93500e+00	1.30200e+02
1.94000e+00	1.27200e+02
1.94500e+00	1.20300e+02
1.95000e+00	1.24600e+02
1.95500e+00	1.26700e+02
1.96000e+00	1.25100e+02
1.96500e+00	1.23000e+02
1.97000e+00	1.22500e+02
1.97500e+00	1.20400e+02
1.98000e+00	1.19100e+02
1.98500e+00	1.18300e+02
1.99000e+00	1.18200e+02
1.99500e+00	1.16200e+02
2.00000e+00	1.15900e+02
2.00500e+00	1.14700e+02
2.01000e+00	1.14400e+02
2.01500e+00	1.13400e+02
2.02000e+00	1.11400e+02
2.02500e+00	1.10800e+02
2.03000e+00	1.09100e+02
2.03500e+00	1.08100e+02
2.04000e+00	1.07600e+02
2.04500e+00	1.07700e+02
2.05000e+00	1.06400e+02
2.05500e+00	1.05300e+02
2.06000e+00	1.03700e+02
2.06500e+00	1.02900e+02
2.07000e+00	1.02300e+02
2.07500e+00	1.02200e+02
2.08000e+00	1.00600e+02
2.08500e+00	9.97200e+01
2.09000e+00	9.87400e+01
2.09500e+00	9.72900e+01
2.10000e+00	9.74500e+01
2.10500e+00	9.68400e+01
2.11000e+00	9.57300e+01
2.11500e+00	9.48900e+01
2.12000e+00	9.37000e+01
2.12500e+00	9.28500e+01
2.13000e+00	9.27700e+01
2.13500e+00	9.16500e+01
2.14000e+00	9.14100e+01
2.14500e+00	9.05900e+01
2.15000e+00	9.00700e+01
2.15500e+00	8.92100e+01
2.16000e+00	8.77800e+01
2.16500e+00	8.27000e+01
2.17000e+00	8.50800e+01
2.17500e+00	8.56200e+01
2.18000e+00	8.49100e+01
2.18500e+00	8.45800e+01
2.19000e+00	8.35800e+01
2.19500e+00	8.33700e+01
2.20000e+00	8.25800e+01
2.20500e+00	8.06800e+01
2.21000e+00	8.04800e+01
2.21500e+00	8.01900e+01
2.22000e+00	7.96900e+01
2.22500e+00	7.86800e+01
2.23000e+00	7.82700e+01
2.23500e+00	7.76100e+01
2.24000e+00	7.65600e+01
2.24500e+00	7.61600e+01
2.25000e+00	7.54100e+01
2.25500e+00	7.45600e+01
2.26000e+00	7.41400e+01
2.26500e+00	7.34700e+01
2.27000e+00	7.31800e+01
2.27500e+00	7.26400e+01
2.28000e+00	7.14200e+01
2.28500e+00	7.10300e+01
2.29000e+00	7.06400e+01
2.29500e+00	6.90900e+01
2.30000e+00	6.91800e+01
2.30500e+00	6.89700e+01
2.31000e+00	6.84300e+01
2.31500e+00	6.76000e+01
2.32000e+00	6.67100e+01
2.32500e+00	6.53400e+01
2.33000e+00	6.56100e+01
2.33500e+00	6.50900e+01
2.34000e+00	6.48700e+01
2.34500e+00	6.46100e+01
2.35000e+00	6.35100e+01
2.35500e+00	6.22000e+01
2.36000e+00	6.24600e+01
2.36500e+00	6.23000e+01
2.37000e+00	6.15700e+01
2.37500e+00	6.08900e+01
2.38000e+00	6.05500e+01
2.38500e+00	5.85600e+01
2.39000e+00	5.90600e+01
2.39500e+00	5.88400e+01
2.40000e+00	5.84700e+01
2.40500e+00	5.81300e+01
2.41000e+00	5.76900e+01
2.41500e+00	5.59600e+01
2.42000e+00	5.62200e+01
2.42500e+00	5.60200e+01
2.43000e+00	5.58000e+01
2.43500e+00	5.51500e+01
2.44000e+00	5.50100e+01
2.44500e+00	5.42900e+01
2.45000e+00	5.33700e+01
2.45500e+00	5.29700e+01
2.46000e+00	5.31100e+01
2.46500e+00	5.29900e+01
2.47000e+00	5.21700e+01
2.47500e+00	5.20700e+01
2.48000e+00	5.10000e+01
2.48500e+00	5.06500e+01
2.49000e+00	5.07900e+01
2.49500e+00	5.05000e+01
2.50000e+00	5.03400e+01
2.50500e+00	4.99700e+01
2.51000e+00	4.91900e+01
2.51500e+00	4.89400e+01
2.52000e+00	4.88100e+01
2.52500e+00	4.85600e+01
2.53000e+00	4.82600e+01
2.53500e+00	4.77900e+01
2.54000e+00	4.70000e+01
2.54500e+00	4.68500e+01
2.55000e+00	4.65700e+01
2.55500e+00	4.61900e+01
2.56000e+00	4.58700e+01
2.56500e+00	4.55600e+01
2.57000e+00	4.53500e+01
2.57500e+00	4.52700e+01
2.58000e+00	4.47300e+01
2.58500e+00	4.36500e+01
2.59000e+00	4.40500e+01
2.59500e+00	4.37600e+01
2.60000e+00	4.35400e+01
2.60500e+00	4.33400e+01
2.61000e+00	4.29700e+01
2.61500e+00	4.25700e+01
2.62000e+00	4.17900e+01
2.62500e+00	3.98400e+01
2.63000e+00	4.10100e+01
2.63500e+00	4.14100e+01
2.64000e+00	4.05900e+01
2.64500e+00	4.07100e+01
2.65000e+00	4.05500e+01
2.65500e+00	4.00300e+01
2.66000e+00	3.99600e+01
2.66500e+00	3.91700e+01
2.67000e+00	3.94300e+01
2.67500e+00	3.90700e+01
2.68000e+00	3.89900e+01
2.68500e+00	3.88300e+01
2.69000e+00	3.85400e+01
2.69500e+00	3.82300e+01
2.70000e+00	3.80600e+01
2.70500e+00	3.77600e+01
2.71000e+00	3.74500e+01
2.71500e+00	3.72600e+01
2.72000e+00	3.70000e+01
2.72500e+00	3.66900e+01
2.73000e+00	3.65000e+01
2.73500e+00	3.62900e+01
2.74000e+00	3.59700e+01
2.74500e+00	3.58400e+01
2.75000e+00	3.55400e+01
2.75500e+00	3.50200e+01
2.76000e+00	3.46000e+01
2.76500e+00	3.46500e+01
2.77000e+00	3.45600e+01
2.77500e+00	3.42500e+01
2.78000e+00	3.40900e+01
2.78500e+00	3.38700e+01
2.79000e+00	3.37600e+01
2.79500e+00	3.35300e+01
2.80000e+00	3.32500e+01
2.80500e+00	3.30200e+01
2.81000e+00	3.28700e+01
2.81500e+00	3.26300e+01
2.82000e+00	3.24200e+01
2.82500e+00	3.21800e+01
2.83000e+00	3.20000e+01
2.83500e+00	3.18200e+01
2.84000e+00	3.14800e+01
2.84500e+00	3.13300e+01
2.85000e+00	3.11100e+01
2.85500e+00	3.09300e+01
2.86000e+00	3.07400e+01
2.86500e+00	3.04700e+01
2.87000e+00	2.99400e+01
2.87500e+00	2.97700e+01
2.88000e+00	2.98800e+01
2.88500e+00	2.97300e+01
2.89000e+00	2.95300e+01
2.89500e+00	2.93800e+01
2.90000e+00	2.91800e+01
2.90500e+00	2.89900e+01
2.91000e+00	2.88300e+01
2.91500e+00	2.86200e+01
2.92000e+00	2.84300e+01
2.92500e+00	2.81300e+01
2.93000e+00	2.80300e+01
2.93500e+00	2.79000e+01
2.94000e+00	2.77000e+01
2.94500e+00	2.74700e+01
2.95000e+00	2.73300e+01
2.95500e+00	2.71900e+01
2.96000e+00	2.70400e+01
2.96500e+00	2.68900e+01
2.97000e+00	2.67100e+01
2.97500e+00	2.65500e+01
2.98000e+00	2.63500e+01
2.98500e+00	2.62000e+01
2.99000e+00	2.60100e+01
2.99500e+00	2.58100e+01
3.00000e+00	2.56000e+01
3.00500e+00	2.55500e+01
3.01000e+00	2.53900e+01
3.01500e+00	2.52200e+01
3.02000e+00	2.50500e+01
3.02500e+00	2.48900e+01
3.03000e+00	2.46900e+01
3.03500e+00	2.43200e+01
3.04000e+00	2.39300e+01
3.04500e+00	2.41500e+01
3.05000e+00	2.41400e+01
3.05500e+00	2.39700e+01
3.06000e+00	2.38300e+01
3.06500e+00	2.36200e+01
3.07000e+00	2.35100e+01
3.07500e+00	2.34300e+01
3.08000e+00	2.32400e+01
3.08500e+00	2.30600e+01
3.09000e+00	2.29600e+01
3.09500e+00	2.28200e+01
3.10000e+00	2.26600e+01
3.10500e+00	2.25800e+01
3.11000e+00	2.24000e+01
3.11500e+00	2.20100e+01
3.12000e+00	2.20800e+01
3.12500e+00	2.20100e+01
3.13000e+00	2.18800e+01
3.13500e+00	2.17700e+01
3.14000e+00	2.16300e+01
3.14500e+00	2.15000e+01
3.15000e+00	2.12500e+01
3.15500e+00	2.11900e+01
3.16000e+00	2.11200e+01
3.16500e+00	2.09500e+01
3.17000e+00	2.07900e+01
3.17500e+00	2.07500e+01
3.18000e+00	2.05800e+01
3.18500e+00	2.04900e+01
3.19000e+00	2.03900e+01
3.19500e+00	2.02700e+01
3.20000e+00	2.00800e+01
3.20500e+00	2.00100e+01
3.21000e+00	1.99100e+01
3.21500e+00	1.97500e+01
3.22000e+00	1.96700e+01
3.22500e+00	1.95400e+01
3.23000e+00	1.94300e+01
3.23500e+00	1.92900e+01
3.24000e+00	1.91600e+01
3.24500e+00	1.90400e+01
3.25000e+00	1.90000e+01
3.25500e+00	1.88600e+01
3.26000e+00	1.87400e+01
3.26500e+00	1.86300e+01
3.27000e+00	1.85400e+01
3.27500e+00	1.84100e+01
3.28000e+00	1.82700e+01
3.28500e+00	1.81600e+01
3.29000e+00	1.80000e+01
3.29500e+00	1.76300e+01
3.30000e+00	1.76000e+01
3.30500e+00	1.77400e+01
3.31000e+00	1.76800e+01
3.31500e+00	1.75100e+01
3.32000e+00	1.72100e+01
3.32500e+00	1.73200e+01
3.33000e+00	1.72900e+01
3.33500e+00	1.71800e+01
3.34000e+00	1.70600e+01
3.34500e+00	1.70000e+01
3.35000e+00	1.68800e+01
3.35500e+00	1.67900e+01
3.36000e+00	1.67200e+01
3.36500e+00	1.65800e+01
3.37000e+00	1.64400e+01
3.37500e+00	1.64000e+01
3.38000e+00	1.63100e+01
3.38500e+00	1.62300e+01
3.39000e+00	1.61700e+01
3.39500e+00	1.59600e+01
3.40000e+00	1.57500e+01
3.40500e+00	1.58200e+01
3.41000e+00	1.57500e+01
3.41500e+00	1.56100e+01
3.42000e+00	1.55900e+01
3.42500e+00	1.55000e+01
3.43000e+00	1.54100e+01
3.43500e+00	1.53700e+01
3.44000e+00	1.52900e+01
3.44500e+00	1.52000e+01
3.45000e+00	1.51200e+01
3.45500e+00	1.50300e+01
3.46000e+00	1.49600e+01
3.46500e+00	1.48700e+01
3.47000e+00	1.47600e+01
3.47500e+00	1.46800e+01
3.48000e+00	1.46200e+01
3.48500e+00	1.45400e+01
3.49000e+00	1.44600e+01
3.49500e+00	1.43700e+01
3.50000e+00	1.43100e+01
3.50500e+00	1.42400e+01
3.51000e+00	1.41600e+01
3.51500e+00	1.40700e+01
3.52000e+00	1.39900e+01
3.52500e+00	1.39200e+01
3.53000e+00	1.38500e+01
3.53500e+00	1.37400e+01
3.54000e+00	1.36700e+01
3.54500e+00	1.36400e+01
3.55000e+00	1.35600e+01
3.55500e+00	1.34400e+01
3.56000e+00	1.33600e+01
3.56500e+00	1.33300e+01
3.57000e+00	1.32400e+01
3.57500e+00	1.31800e+01
3.58000e+00	1.30900e+01
3.58500e+00	1.30300e+01
3.59000e+00	1.29800e+01
3.59500e+00	1.29000e+01
3.60000e+00	1.28300e+01
3.60500e+00	1.27900e+01
3.61000e+00	1.27200e+01
3.61500e+00	1.26600e+01
3.62000e+00	1.26000e+01
3.62500e+00	1.25200e+01
3.63000e+00	1.24500e+01
3.63500e+00	1.23900e+01
3.64000e+00	1.23100e+01
3.64500e+00	1.22200e+01
3.65000e+00	1.21400e+01
3.65500e+00	1.20400e+01
3.66000e+00	1.20100e+01
3.66500e+00	1.19800e+01
3.67000e+00	1.19000e+01
3.67500e+00	1.18200e+01
3.68000e+00	1.16700e+01
3.68500e+00	1.16600e+01
3.69000e+00	1.16600e+01
3.69500e+00	1.14900e+01
3.70000e+00	1.13300e+01
3.70500e+00	1.13600e+01
3.71000e+00	1.13200e+01
3.71500e+00	1.13000e+01
3.72000e+00	1.12900e+01
3.72500e+00	1.12500e+01
3.73000e+00	1.11900e+01
3.73500e+00	1.10100e+01
3.74000e+00	1.07500e+01
3.74500e+00	1.07300e+01
3.75000e+00	1.08300e+01
3.75500e+00	1.08100e+01
3.76000e+00	1.08000e+01
3.76500e+00	1.07800e+01
3.77000e+00	1.07300e+01
3.77500e+00	1.06300e+01
3.78000e+00	1.05900e+01
3.78500e+00	1.05600e+01
3.79000e+00	1.04800e+01
3.79500e+00	1.04300e+01
3.80000e+00	1.03900e+01
3.80500e+00	1.03500e+01
3.81000e+00	1.02900e+01
3.81500e+00	1.02400e+01
3.82000e+00	1.02100e+01
3.82500e+00	1.01900e+01
3.83000e+00	1.01300e+01
3.83500e+00	1.00500e+01
3.84000e+00	1.00200e+01
3.84500e+00	9.99100e+00
3.85000e+00	9.94200e+00
3.85500e+00	9.88300e+00
3.86000e+00	9.80600e+00
3.86500e+00	9.73900e+00
3.87000e+00	9.70100e+00
3.87500e+00	9.68200e+00
3.88000e+00	9.63100e+00
3.88500e+00	9.54400e+00
3.89000e+00	9.52600e+00
3.89500e+00	9.47500e+00
3.90000e+00	9.42400e+00
3.90500e+00	9.39800e+00
3.91000e+00	9.35800e+00
3.91500e+00	9.31300e+00
3.92000e+00	9.26200e+00
3.92500e+00	9.22600e+00
3.93000e+00	9.17400e+00
3.93500e+00	9.12100e+00
3.94000e+00	9.09300e+00
3.94500e+00	9.03000e+00
3.95000e+00	8.95200e+00
3.95500e+00	8.89600e+00
3.96000e+00	8.87100e+00
3.96500e+00	8.85400e+00
3.97000e+00	8.81300e+00
3.97500e+00	8.76400e+00
3.98000e+00	8.71600e+00
3.98500e+00	8.64300e+00
3.99000e+00	8.58900e+00
3.99500e+00	8.53300e+00
4.00000e+00	8.30000e+00
4.02000e+00	7.97500e+00
4.04000e+00	7.81500e+00
4.06000e+00	7.65800e+00
4.08000e+00	7.50600e+00
4.10000e+00	7.35700e+00
4.12000e+00	7.21300e+00
4.14000e+00	7.07100e+00
4.16000e+00	6.93300e+00
4.18000e+00	6.79800e+00
4.20000e+00	6.66700e+00
4.22000e+00	6.53800e+00
4.24000e+00	6.41300e+00
4.26000e+00	6.29000e+00
4.28000e+00	6.17100e+00
4.30000e+00	6.05400e+00
4.32000e+00	5.94100e+00
4.34000e+00	5.82900e+00
4.36000e+00	5.72100e+00
4.38000e+00	5.61400e+00
4.40000e+00	5.51100e+00
4.42000e+00	5.40900e+00
4.44000e+00	5.31100e+00
4.46000e+00	5.21400e+00
4.48000e+00	5.11900e+00
4.50000e+00	5.02600e+00
4.52000e+00	4.93600e+00
4.54000e+00	4.84700e+00
4.56000e+00	4.76100e+00
4.58000e+00	4.67700e+00
4.60000e+00	4.59400e+00
4.62000e+00	4.51300e+00
4.64000e+00	4.43400e+00
4.66000e+00	4.35600e+00
4.68000e+00	4.28100e+00
4.70000e+00	4.20700e+00
4.72000e+00	4.13400e+00
4.74000e+00	4.06400e+00
4.76000e+00	3.99400e+00
4.78000e+00	3.92600e+00
4.80000e+00	3.85900e+00
4.82000e+00	3.79400e+00
4.84000e+00	3.73100e+00
4.86000e+00	3.66800e+00
4.88000e+00	3.60700e+00
4.90000e+00	3.54700e+00
4.92000e+00	3.48800e+00
4.94000e+00	3.43100e+00
4.96000e+00	3.37500e+00
4.98000e+00	3.32000e+00
5.00000e+00	3.26600e+00
5.05000e+00	3.19700e+00
5.10000e+00	3.07800e+00
5.15000e+00	2.96400e+00
5.20000e+00	2.85400e+00
5.25000e+00	2.75100e+00
5.30000e+00	2.65200e+00
5.35000e+00	2.55800e+00
5.40000e+00	2.46700e+00
5.45000e+00	2.38000e+00
5.50000e+00	2.29800e+00
5.55000e+00	2.21800e+00
5.60000e+00	2.14300e+00
5.65000e+00	2.07100e+00
5.70000e+00	2.00100e+00
5.75000e+00	1.93500e+00
5.80000e+00	1.87100e+00
5.85000e+00	1.81000e+00
5.90000e+00	1.75100e+00
5.95000e+00	1.69500e+00
6.00000e+00	1.64100e+00
6.05000e+00	1.58900e+00
6.10000e+00	1.53900e+00
6.15000e+00	1.49100e+00
6.20000e+00	1.44500e+00
6.25000e+00	1.40100e+00
6.30000e+00	1.35800e+00
6.35000e+00	1.31800e+00
6.40000e+00	1.27800e+00
6.45000e+00	1.24100e+00
6.50000e+00	1.20400e+00
6.55000e+00	1.16800e+00
6.60000e+00	1.13400e+00
6.65000e+00	1.10200e+00
6.70000e+00	1.07000e+00
6.75000e+00	1.04000e+00
6.80000e+00	1.01100e+00
6.85000e+00	9.82500e-01
6.90000e+00	9.55200e-01
6.95000e+00	9.29000e-01
7.00000e+00	9.03600e-01
7.05000e+00	8.79000e-01
7.10000e+00	8.55300e-01
7.15000e+00	8.32400e-01
7.20000e+00	8.10200e-01
7.25000e+00	7.88800e-01
7.30000e+00	7.68100e-01
7.35000e+00	7.48100e-01
7.40000e+00	7.28700e-01
7.45000e+00	7.10000e-01
7.50000e+00	6.91800e-01
7.55000e+00	6.74300e-01
7.60000e+00	6.57200e-01
7.65000e+00	6.40700e-01
7.70000e+00	6.24800e-01
7.75000e+00	6.09400e-01
7.80000e+00	5.94400e-01
7.85000e+00	5.79900e-01
7.90000e+00	5.65800e-01
7.95000e+00	5.52200e-01
8.00000e+00	5.38900e-01
8.05000e+00	5.26100e-01
8.10000e+00	5.13700e-01
8.15000e+00	5.01500e-01
8.20000e+00	4.89800e-01
8.25000e+00	4.78400e-01
8.30000e+00	4.67300e-01
8.35000e+00	4.56600e-01
8.40000e+00	4.46200e-01
8.45000e+00	4.36100e-01
8.50000e+00	4.26300e-01
8.55000e+00	4.16600e-01
8.60000e+00	4.07300e-01
8.65000e+00	3.98300e-01
8.70000e+00	3.89500e-01
8.75000e+00	3.80900e-01
8.80000e+00	3.72700e-01
8.85000e+00	3.64600e-01
8.90000e+00	3.56700e-01
8.95000e+00	3.49100e-01
9.00000e+00	3.41700e-01
9.05000e+00	3.34400e-01
9.10000e+00	3.27300e-01
9.15000e+00	3.20500e-01
9.20000e+00	3.13800e-01
9.25000e+00	3.07300e-01
9.30000e+00	3.01000e-01
9.35000e+00	2.94800e-01
9.40000e+00	2.88700e-01
9.45000e+00	2.82900e-01
9.50000e+00	2.77100e-01
9.55000e+00	2.71600e-01
9.60000e+00	2.66100e-01
9.65000e+00	2.60800e-01
9.70000e+00	2.55700e-01
9.75000e+00	2.50700e-01
9.80000e+00	2.45700e-01
9.85000e+00	2.41000e-01
9.90000e+00	2.36300e-01
9.95000e+00	2.31700e-01
1.00000e+01	2.27200e-01
1.10000e+01	1.54000e-01
1.20000e+01	1.08500e-01
1.30000e+01	7.85600e-02
1.40000e+01	5.83100e-02
1.50000e+01	4.41800e-02
1.60000e+01	3.40100e-02
1.70000e+01	2.66600e-02
1.80000e+01	2.12000e-02
1.90000e+01	1.70500e-02
2.00000e+01	1.38500e-02
2.50000e+01	5.69900e-03
3.00000e+01	2.76000e-03
3.50000e+01	1.48800e-03
4.00000e+01	8.77000e-04
5.00000e+01	3.60800e-04
6.00000e+01	1.74300e-04
8.00000e+01	5.53900e-05
1.00000e+02	2.28000e-05
1.20000e+02	1.10200e-05
1.50000e+02	4.53100e-06
2.00000e+02	1.44100e-06
2.50000e+02	5.91600e-07
3.00000e+02	2.77900e-07
4.00000e+02	9.51400e-08
1.00000e+03	3.18400e-09
